Humidity,Roof_outdoors,Roof_retractable roof (closed),Roof_retractable roof (open),Surface_fieldturf,Surface_fieldturf ,Surface_grass,Surface_sportturf,Temperature,Wind_Speed,pass_rating,total_yards
69,1.0,0.0,0.0,0.0,0.0,1.0,0.0,65,10,91.4,211
69,1.0,0.0,0.0,0.0,0.0,1.0,0.0,65,10,62.1,239
53,1.0,0.0,0.0,0.0,0.0,1.0,0.0,87,3,69.0,186
53,1.0,0.0,0.0,0.0,0.0,1.0,0.0,87,3,72.1,237
55,1.0,0.0,0.0,0.0,0.0,1.0,0.0,71,10,133.3,272
55,1.0,0.0,0.0,0.0,0.0,1.0,0.0,71,10,0.0,-2
55,1.0,0.0,0.0,0.0,0.0,1.0,0.0,71,10,64.0,285
45,0.0,1.0,0.0,0.0,0.0,1.0,0.0,72,0,110.0,407
45,0.0,1.0,0.0,0.0,0.0,1.0,0.0,72,0,75.2,321
45,0.0,1.0,0.0,1.0,0.0,0.0,0.0,72,0,158.3,417
45,0.0,1.0,0.0,1.0,0.0,0.0,0.0,72,0,95.5,312
45,0.0,1.0,0.0,1.0,0.0,0.0,0.0,72,0,82.3,22
54,1.0,0.0,0.0,0.0,0.0,1.0,0.0,91,6,143.2,380
54,1.0,0.0,0.0,0.0,0.0,1.0,0.0,91,6,39.6,-1
54,1.0,0.0,0.0,0.0,0.0,1.0,0.0,91,6,122.5,281
54,1.0,0.0,0.0,0.0,0.0,1.0,0.0,91,6,132.8,75
56,1.0,0.0,0.0,0.0,0.0,1.0,0.0,91,8,66.0,193
56,1.0,0.0,0.0,0.0,0.0,1.0,0.0,91,8,2.8,5
56,1.0,0.0,0.0,0.0,0.0,1.0,0.0,91,8,158.3,330
56,1.0,0.0,0.0,0.0,0.0,1.0,0.0,91,8,144.4,64
45,0.0,0.0,0.0,0.0,0.0,0.0,1.0,72,0,85.8,328
45,0.0,0.0,0.0,0.0,0.0,0.0,1.0,72,0,140.8,102
62,1.0,0.0,0.0,0.0,0.0,1.0,0.0,66,2,65.6,283
62,1.0,0.0,0.0,0.0,0.0,1.0,0.0,66,2,124.9,341
46,1.0,0.0,0.0,0.0,1.0,0.0,0.0,77,6,71.2,292
46,1.0,0.0,0.0,0.0,1.0,0.0,0.0,77,6,84.9,175
49,1.0,0.0,0.0,0.0,0.0,1.0,0.0,79,4,117.6,380
49,1.0,0.0,0.0,0.0,0.0,1.0,0.0,79,4,121.0,318
52,1.0,0.0,0.0,0.0,0.0,1.0,0.0,77,10,120.7,199
52,1.0,0.0,0.0,0.0,0.0,1.0,0.0,77,10,0.0,0
52,1.0,0.0,0.0,0.0,0.0,1.0,0.0,77,10,121.3,339
82,1.0,0.0,0.0,1.0,0.0,0.0,0.0,64,7,134.4,203
82,1.0,0.0,0.0,1.0,0.0,0.0,0.0,64,7,106.5,418
52,1.0,0.0,0.0,0.0,0.0,1.0,0.0,93,9,80.2,164
52,1.0,0.0,0.0,0.0,0.0,1.0,0.0,93,9,45.4,207
45,0.0,0.0,0.0,0.0,0.0,0.0,0.0,72,0,114.3,308
45,0.0,0.0,0.0,0.0,0.0,0.0,0.0,72,0,105.8,370
45,0.0,0.0,0.0,0.0,0.0,0.0,0.0,72,0,0.0,17
66,1.0,0.0,0.0,0.0,0.0,1.0,0.0,68,15,105.3,269
66,1.0,0.0,0.0,0.0,0.0,1.0,0.0,68,15,121.0,261
55,1.0,0.0,0.0,0.0,0.0,1.0,0.0,85,3,103.4,217
55,1.0,0.0,0.0,0.0,0.0,1.0,0.0,85,3,70.1,333
45,0.0,0.0,1.0,1.0,0.0,0.0,0.0,72,0,61.3,234
45,0.0,0.0,1.0,1.0,0.0,0.0,0.0,72,0,72.1,24
45,0.0,0.0,1.0,1.0,0.0,0.0,0.0,72,0,79.6,323
45,1.0,0.0,0.0,0.0,0.0,1.0,0.0,81,5,131.0,304
45,1.0,0.0,0.0,0.0,0.0,1.0,0.0,81,5,90.5,313
14,1.0,0.0,0.0,0.0,0.0,1.0,0.0,87,3,70.0,128
14,1.0,0.0,0.0,0.0,0.0,1.0,0.0,87,3,83.1,292
45,0.0,0.0,0.0,1.0,0.0,0.0,0.0,72,0,91.7,258
45,0.0,0.0,0.0,1.0,0.0,0.0,0.0,72,0,73.0,305
75,1.0,0.0,0.0,0.0,0.0,1.0,0.0,72,5,52.9,247
75,1.0,0.0,0.0,0.0,0.0,1.0,0.0,72,5,101.2,209
45,0.0,1.0,0.0,0.0,0.0,1.0,0.0,72,0,70.9,164
45,0.0,1.0,0.0,0.0,0.0,1.0,0.0,72,0,97.2,269
67,1.0,0.0,0.0,0.0,0.0,1.0,0.0,87,4,23.8,95
67,1.0,0.0,0.0,0.0,0.0,1.0,0.0,87,4,33.8,97
67,1.0,0.0,0.0,0.0,0.0,1.0,0.0,87,4,124.7,265
48,1.0,0.0,0.0,0.0,1.0,0.0,0.0,79,5,101.1,274
48,1.0,0.0,0.0,0.0,1.0,0.0,0.0,79,5,62.3,252
45,1.0,0.0,0.0,0.0,0.0,1.0,0.0,93,1,95.2,171
45,1.0,0.0,0.0,0.0,0.0,1.0,0.0,93,1,93.5,186
51,1.0,0.0,0.0,0.0,0.0,1.0,0.0,81,3,92.4,119
51,1.0,0.0,0.0,0.0,0.0,1.0,0.0,81,3,67.4,75
51,1.0,0.0,0.0,0.0,0.0,1.0,0.0,81,3,131.0,322
61,1.0,0.0,0.0,0.0,0.0,1.0,0.0,70,13,131.2,442
61,1.0,0.0,0.0,0.0,0.0,1.0,0.0,70,13,61.1,216
44,1.0,0.0,0.0,0.0,0.0,1.0,0.0,85,4,0.0,16
44,1.0,0.0,0.0,0.0,0.0,1.0,0.0,85,4,112.6,281
44,1.0,0.0,0.0,0.0,0.0,1.0,0.0,85,4,72.2,170
44,1.0,0.0,0.0,0.0,0.0,1.0,0.0,85,4,44.2,38
60,1.0,0.0,0.0,0.0,0.0,1.0,0.0,82,8,90.5,353
60,1.0,0.0,0.0,0.0,0.0,1.0,0.0,82,8,104.8,392
46,1.0,0.0,0.0,0.0,0.0,1.0,0.0,80,7,123.5,338
46,1.0,0.0,0.0,0.0,0.0,1.0,0.0,80,7,103.5,220
69,1.0,0.0,0.0,0.0,1.0,0.0,0.0,72,3,83.6,325
69,1.0,0.0,0.0,0.0,1.0,0.0,0.0,72,3,99.7,198
69,1.0,0.0,0.0,0.0,1.0,0.0,0.0,72,3,56.2,3
87,1.0,0.0,0.0,0.0,0.0,1.0,0.0,73,9,108.2,222
87,1.0,0.0,0.0,0.0,0.0,1.0,0.0,73,9,81.7,338
53,1.0,0.0,0.0,0.0,0.0,0.0,0.0,83,13,63.4,251
53,1.0,0.0,0.0,0.0,0.0,0.0,0.0,83,13,81.1,289
33,1.0,0.0,0.0,0.0,0.0,1.0,0.0,83,12,79.7,282
33,1.0,0.0,0.0,0.0,0.0,1.0,0.0,83,12,64.0,194
45,0.0,1.0,0.0,1.0,0.0,0.0,0.0,72,0,118.1,314
45,0.0,1.0,0.0,1.0,0.0,0.0,0.0,72,0,121.1,307
45,0.0,1.0,0.0,0.0,0.0,1.0,0.0,72,0,73.1,242
45,0.0,1.0,0.0,0.0,0.0,1.0,0.0,72,0,144.4,260
45,0.0,1.0,0.0,1.0,0.0,0.0,0.0,72,0,61.9,213
45,0.0,1.0,0.0,1.0,0.0,0.0,0.0,72,0,118.7,29
45,0.0,1.0,0.0,1.0,0.0,0.0,0.0,72,0,91.4,253
93,1.0,0.0,0.0,0.0,0.0,1.0,0.0,69,7,96.2,234
93,1.0,0.0,0.0,0.0,0.0,1.0,0.0,69,7,75.8,218
45,1.0,0.0,0.0,0.0,0.0,1.0,0.0,72,0,70.6,313
45,1.0,0.0,0.0,0.0,0.0,1.0,0.0,72,0,132.0,383
45,0.0,0.0,0.0,0.0,0.0,0.0,1.0,72,0,103.7,242
45,0.0,0.0,0.0,0.0,0.0,0.0,1.0,72,0,112.0,190
45,0.0,0.0,0.0,0.0,0.0,0.0,1.0,72,0,0.0,-2
49,1.0,0.0,0.0,0.0,0.0,1.0,0.0,81,10,103.9,305
